$ANSIBLE_VAULT;1.1;AES256
30383038323561353131316232326266363936376261316433313661356235336263636238326532
6337653834313135306464343038386461376539383936330a376133363532646565666231656530
62656665666662653330633763353539306135623135316438353361663437386634313630613237
3139313635366564320a333937663964323239383266313535313630346430316365666238303563
62306133343233323031333963613939633663613138346566623465353337626638633039636364
62656361393535386662313734393166343730656162366561353930386434376137343736323838
36653739613139313836616135313635613161323363303565616634393935353663656138393739
36346539396665383161306334636464366534313766383438643765633736323062633963333261
64336636343362303865633638623365653034376165383232316631323031396633303561303463
38373533663937383062313531373136326366323161623339306666373066373732623035666431
62333665316137343637633965623362646536623438633264396239653736643039623766393061
61653637353130623261376264653537643665303964393333633333363161613433323261643937
61636561663735643566643566303238386532373439653232656232363361363733646361386466
39666565396635373436666337313838373135616232333531303835303633666163626232363432
37386337623265386462356230366332666362343461646137306435393936366661316363326232
65316235316263646231666365333433353736363362306633653433313631623337306131333162
30653637666233666566663237393136666238363537336165353838646462346537326633343637
30353138343763383736353963376461383261616638306638313261646565653936386332616435
33343564353332386634323539613632393234386434333535616333636130316432333862323038
37396232393861623135393762326431666438316434663566343538333463353838306562346339
66333130366330333164316432336566643533633365613561313232623738343138633331643662
66316233306633313330316363373063383665386333306531326539346138646266363539653336
61613264383561633236656531303762313263376162653437383439633939343566653639326261
35326436386239653532
